 301193  5 001007 001031 002196 002221 002222
 301194  9 001194 001012 001013 002011 002012 301011 301012 301023 007001
 301195  9 001195 001012 001013 002011 002012 301011 301012 301023 007001
 301196  7 301003 002011 002012 301011 301012 301023 007001
 301200  2 001032 033194
 301201  2 101003 033193
 301202  2 001031 001032
 301237 12 001007 001012 002021 301011 004004 004005 201138 202131 004006 201000 202000 301023
 301238 14 002104 002121 002113 002026 002027 002111 002192 202127 001013 202126 007001 202000 025010 021194
 301239  5 002111 002112 021192 021193 021195
 301240  5 201131 202129 022021 201000 202000
 301241  5 201141 202130 007001 201000 202000
 301242  6 021207 021208 021209 021210 021211 021212
 301250  4 301193 301011 301013 301021
 302205  5 201131 202129 022021 201000 202000
 302206  9 302205 201130 202129 022011 201000 202000 022001 011001 011002
 302207  5 022193 022194 022195 022196 022197
 302250  5 102000 031001 020193 020194 020012
 303249  7 002252 104000 031001 002199 007004 007004 013003
 303250  8 002252 002023 007004 011001 011002 002197 002198 012193
 303251  8 002252 105000 031001 002254 002251 002197 002198 012063
 303252  8 002252 105000 031001 002254 002251 002197 002198 012194
 304228  3 005217 006217 007217
 304229  3 001208 001209 001210
 304250 27 002231 002232 008012 007024 002057 008021 004001 004002 004003 004004 008021 004024 110004 008021 004004 004005 004006 008021 004004 004005 004006 011001 011002 103010 002231 007004 012001
 307015  8 101000 031001 302005 008002 020011 020012 020013 020002
 309194  5 301194 302004 101000 031001 303014
 309195  5 301195 302004 101000 031001 303014
 309196  5 301196 302004 101000 031001 303014
 310193  5 301250 303250 302250 303249 303251
 310194  5 301250 303250 302250 303249 303252
 310195  3 301250 303250 304250
 310196  3 301250 303249 303251
 312200 10 301237 301238 029002 021206 104012 006232 102012 005232 021205 021196
 312201  6 301237 101003 301239 011012 011011 021197
 312202 13 301237 008022 011012 011050 301240 022243 301241 010050 021198 021201 021202 021203 301242
 312203  8 301237 008022 012061 022050 021204 021199 021214 021215
 312204 12 312201 001031 011012 011011 021200 021213 004004 008021 004024 055003 011012 011011
 312207  3 312202 301202 033191
 312208 17 301202 008022 008021 301011 301013 301023 302205 011002 001007 002021 301011 301013 301023 001032 001192 302205 011002
 312209 11 301202 001192 301011 301013 301023 302206 104000 022192 102000 005232 022191
 312210 13 312202 021192 015202 301011 004004 004005 201138 202131 004006 201000 202000 304228 304229
