 301038  6 301001 002011 002012 301011 301012 301024
 301193  5 001007 001031 002196 002221 002222
 301194  9 001194 001012 001013 002011 002012 301011 301012 301023 007001
 301195  9 001195 001012 001013 002011 002012 301011 301012 301023 007001
 301196  7 301003 002011 002012 301011 301012 301023 007001
 301200  2 001032 033194
 301201  2 101003 033193
 301202  2 001031 001032
 301237 12 001007 001012 002021 301011 004004 004005 201138 202131 004006 201000 202000 301023
 301238 14 002104 002121 002113 002026 002027 002111 002192 202127 001013 202126 007001 202000 025010 021194
 301239  5 002111 002112 021192 021193 021195
 301240  5 201131 202129 022021 201000 202000
 301241  5 201141 202130 007001 201000 202000
 301242  6 021207 021208 021209 021210 021211 021212
 301250  4 301193 301011 301013 301021
 302006  4 010004 010051 010062 010063
 302013  5 302006 302003 101000 031001 302005
 302205  5 201131 202129 022021 201000 202000
 302206  9 302205 201130 202129 022011 201000 202000 022001 011001 011002
 302207  5 022193 022194 022195 022196 022197
 302250  5 102000 031001 020193 020194 020012
 303249  7 002252 104000 031001 002199 007004 007004 013003
 303250  8 002252 002023 007004 011001 011002 002197 002198 012193
 303251  8 002252 105000 031001 002254 002251 002197 002198 012063
 303252  8 002252 105000 031001 002254 002251 002197 002198 012194
 304228  3 005217 006217 007217
 304229  3 001208 001209 001210
 304250 27 002231 002232 008012 007024 002057 008021 004001 004002 004003 004004 008021 004024 110004 008021 004004 004005 004006 008021 004004 004005 004006 011001 011002 103010 002231 007004 012001
 307009  2 301031 302013
 307011 16 001063 002001 301011 301012 301024 007006 011001 011016 011017 011002 011041 007006 012001 012003 010052 020009
 307012  5 103000 031001 008023 005021 020001
 307013  8 106000 031001 001064 008014 020061 008014 020061 020018
 307014  3 101000 031001 020019
 307015  8 101000 031001 302005 008002 020011 020012 020013 020002
 307016  3 101000 031001 020020
 307017  3 101000 031001 020020
 307018 18 008016 102000 031001 008017 301012 104000 031001 007006 011001 011002 011041 020009 101000 031001 020001 101000 031001 020019
 307020  3 307011 307014 307016
 307021  9 307011 307012 307013 307014 307015 307016 307017 307018 307015
 309018  5 301031 302004 101000 031001 303014
 309194  5 301194 302004 101000 031001 303014
 309195  5 301195 302004 101000 031001 303014
 309196  5 301196 302004 101000 031001 303014
 310008  8 310011 101019 310012 002150 025079 025080 033032 014045
 310009  3 310011 101015 310012
 310010  3 310011 101005 310012
 310011 45 008070 001033 001034 008070 001033 001034 001007 002048 005040 025075 201133 005041 201000 005043 025070 033030 033031 004001 004002 004003 004004 004005 202131 201138 004006 201000 202000 005001 006001 202126 007001 202000 007024 005021 007025 005022 033033 002151 012064 002151 012064 002151 012064 002151 012064
 310012 10 002150 025076 025077 025078 033032 201132 202129 012063 202000 201000
 310013 62 001007 005040 004001 004002 004003 004004 004005 004006 005001 006001 007025 005043 025085 201131 202129 002150 008023 008072 014027 008072 014027 002150 008023 008072 014027 008072 014027 002150 008023 008072 014027 008072 014027 202000 201000 201132 202129 002150 008023 008072 012063 008072 012063 002150 008023 008072 012063 008072 012063 008023 008072 012063 008072 012063 002150 008023 008072 012063 008072 012063 202000 201000
 310193  5 301250 303250 302250 303249 303251
 310194  5 301250 303250 302250 303249 303252
 310195  3 301250 303250 304250
 310196  3 301250 303249 303251
 312013  6 005033 202129 201135 012063 201000 202000
 312018  3 312010 312011 312018
 312024 11 312020 008060 008022 008060 008022 025014 022101 022097 022098 022099 022100
 312200 10 301237 301238 029002 021206 104012 006232 102012 005232 021205 021196
 312201  6 301237 101003 301239 011012 011011 021197
 312202 13 301237 008022 011012 011050 301240 022243 301241 010050 021198 021201 021202 021203 301242
 312203  8 301237 008022 012061 022050 021204 021199 021214 021215
 312204 12 312201 001031 011012 011011 021200 021213 004004 008021 004024 055003 011012 011011
 312207  3 312202 301202 033191
 312208 17 301202 008022 008021 301011 301013 301023 302205 011002 001007 002021 301011 301013 301023 001032 001192 302205 011002
 312209 11 301202 001192 301011 301013 301023 302206 104000 022192 102000 005232 022191
 312210 13 312202 021192 015202 301011 004004 004005 201138 202131 004006 201000 202000 304228 304229
 316002 15 008021 004001 004002 004003 004004 004005 001033 008021 004001 004002 004003 004004 004005 007002 007002
 316003 12 110000 031001 008011 008007 104000 031001 005002 006002 010002 011002 008007 008011
 316004 13 111000 031001 008011 008007 007002 007002 102000 031001 005002 006002 011031 008007 008011
 316005 10 108000 031001 008005 008007 005002 006002 001026 019001 008007 008005
 316006 14 112000 031001 008011 008007 007002 007002 102000 031001 005002 006002 020011 020012 008007 008011
 316007 12 110000 031001 008011 008007 104000 031001 005002 006002 019005 019006 008007 008011
 316008 13 111000 031001 008001 008007 008023 103000 031001 005002 006002 010002 008023 008007 008001
 316009 13 111000 031001 008011 008007 007002 007002 102000 031001 005002 006002 020041 008007 008011
 316010  9 107000 031001 008011 008007 001022 005002 006002 008007 008011
 316011 19 116000 031001 008011 001022 008007 102000 031001 005002 006002 008021 004001 004002 004003 004004 004005 020090 008021 008007 008011
 321003  4 021051 021014 021017 025030
