 301237 12 001007 001012 002021 301011 004004 004005 201138 202131 004006 201000 202000 301023
 301238 14 002104 002121 002113 002026 002027 002111 002192 202127 001013 202126 007001 202000 025010 021194
 301239  5 002111 002112 021192 021193 021195
 301240  5 201131 202129 022021 201000 202000
 301241  5 201141 202130 007001 201000 202000
 301242  6 021207 021208 021209 021210 021211 021212
 301247  4 001007 301011 301013 301023
 301250  3 008021 004004 008024
 301251  4 008021 004004 004024 008024
 301252  7 001031 055001 055002 008204 010001 055003 055011
 302205  4 004024 013011 004024 013011
 304011  6 002026 021051 007031 005021 002055 008022
 304201 13 008022 301241 010050 021198 021201 021202 021203 021207 021208 021209 021210 021211 021212
 304202  7 008213 004024 033220 033212 055013 033220 008023
 304203 13 001031 055001 055002 008204 008213 004004 008023 011012 004004 008021 004024 008023 008023
 304204  8 001031 055001 055002 008213 004004 011012 014004 055013
 304205 12 008023 022042 055001 055002 008204 008213 004004 022042 004004 008021 004024 022042
 304206  8 001031 033220 033202 033220 033202 055013 011012 011011
 304207 13 055001 055002 008204 008213 004004 011012 011011 004004 008021 004024 055003 011012 011011
 304213  3 008003 010004 020010
 304214  5 008003 008012 010001 012061 010004
 304215  4 103015 007004 007004 012007
 304216  4 103003 007004 007004 013016
 304217  7 101019 012062 201132 012062 201000 101007 012062
 304218  3 008003 010004 012001
 304228  3 005217 006217 007217
 304229  3 001208 001209 001210
 310197  4 301247 007022 002025 002022
 310198 12 310197 008003 015001 304213 304214 008003 304215 008003 304216 008003 304217 304218
 310199 15 310197 015001 304213 304214 223004 055013 301250 301251 008023 304215 304216 223000 304217 304218 301252
 312200 10 301237 301238 029002 021206 104012 006232 102012 005232 021205 021196
 312201  6 301237 101003 301239 011012 011011 021197
 312202 13 301237 008022 011012 011050 301240 022243 301241 010050 021198 021201 021202 021203 301242
 312203  8 301237 008022 012061 022050 021204 021199 021214 021215
 312204 12 312201 001031 011012 011011 021200 021213 004004 008021 004024 055003 011012 011011
 312205  9 301237 304201 011050 022243 223002 304202 304203 011012 301240
 312206  3 312203 304204 304205
 312207 10 301237 101003 301239 304206 021197 055014 304206 021200 021213 304207
 312210 13 312202 021192 015202 301011 004004 004005 201138 202131 004006 201000 202000 304228 304229
 354001  4 102000 031001 001002 054001
 360001  3 020012 020012 020012
 360005  4 004024 013011 004024 013011
 360010  2 004024 011041
 360011  2 004024 011042
 360012  2 004025 011041
