 301194  3 001003 001200 001005 
 301204  3 001194 001012 001013 
 301205  3 001195 001012 001013 
 301237 12 001007 001012 002021 301011 004004 004005 201138 202131 004006 201000 202000 301023 
 301238 14 002104 002121 002113 002026 002027 002111 002192 202127 001013 202126 007001 202000 025010 021194 
 301239  5 002111 002112 021192 021193 021195 
 301240  5 201131 202129 022021 201000 202000 
 301241  5 201141 202130 007001 201000 202000 
 301242  6 021207 021208 021209 021210 021211 021212 
 302194  9 011011 011012 012195 012197 013003 020001 020003 020004 020005 
 302202  3 302001 302194 302004 
 302203  3 302002 302194 302004 
 303194  4 007004 010003 012192 012194 
 303195  6 007004 010003 012192 012194 011001 011002 
 303204  7 007004 008001 010003 012192 013003 011001 011002 
 303205  7 007004 008001 010003 012192 012194 011001 011002 
 303214  3 303021 012192 204000 
 303217  6 007004 008003 204007 031021 012192 204000 
 303222  6 007004 008003 007021 007022 008012 012252 
 304192  5 008003 010004 012192 011001 011002 
 304194  2 008003 012192 
 304195  4 008003 010004 020010 012192 
 304228  3 005217 006217 007217 
 304229  3 001208 001209 001210 
 306192 11 002032 204002 031021 204001 031021 102000 031002 007062 022042 204000 204000 
 306193  3 002030 022004 022031 
 306194  4 002002 011011 011012 012195 
 306195 13 002032 002033 204002 031021 204001 031021 103000 031001 007062 022043 022062 204000 204000 
 306196  3 306003 306193 022063 
 306197  3 306194 306002 022063 
 306200  5 002032 102000 031001 007062 022043 
 307192  2 301031 302202 
 307193  2 301032 302202 
 307194  4 307192 101000 031001 302005 
 307195  4 307002 101000 031001 302005 
 307196  3 307192 101004 302005 
 307197  3 307193 101004 302005 
 307198  2 301031 302203 
 307199  2 301032 302203 
 307200 22 008192 103000 031001 011001 011002 011041 020009 101000 031001 020001 307014 307015 103000 031001 020041 007002 020207 103000 031001 011031 011032 020207 
 308192  3 301033 302202 022043 
 308193  3 301034 302202 022043 
 308194  3 301035 302202 022043 
 308195  3 301036 302202 022043 
 308196  2 308195 302024 
 308197  8 010004 010061 010063 011001 011002 012195 013003 022043 
 308198  9 204002 031021 204001 031021 301011 301012 301023 204000 204000 
 309196  5 301037 302004 101000 031001 303204 
 309197  5 301038 302004 101000 031001 303204 
 309204  5 301039 302004 101000 031001 303204 
 309208  5 301040 302004 101000 031001 303204 
 309210 14 301001 002011 002013 301011 301012 301022 302004 002014 002003 004193 004194 101000 031001 303205 
 309211 15 301003 002011 002013 301011 301012 301024 302004 002014 002003 004193 004194 022043 101000 031001 303205 
 309212 15 301204 002011 002013 301011 301012 301024 302004 002014 002003 004193 004194 022043 101000 031001 303205 
 309213 15 301205 002011 002013 301011 301012 301024 302004 002014 002003 004193 004194 022043 101000 031001 303205 
 310192  5 301042 303222 303032 101026 303025 
 310193  5 301042 303222 303032 101009 303214 
 310194  5 301042 303222 303032 101006 303214 
 310195  5 301042 303222 303032 101003 303024 
 311192  9 301051 007002 012192 011001 011002 011031 011032 011033 020041 
 312192  2 301043 304192 
 312194  2 301042 304194 
 312195  2 301042 304195 
 312200 10 301237 301238 029002 021206 104012 006232 102012 005232 021205 021196 
 312201  6 301237 101003 301239 011012 011011 021197 
 312202 13 301237 008022 011012 011050 301240 022243 301241 010050 021198 021201 021202 021203 301242 
 312203  8 301237 008022 012061 022050 021204 021199 021214 021215 
 312210 13 312202 021192 015202 301011 004004 004005 201138 202131 004006 201000 202000 304228 304229 
 315192  5 001011 308198 306196 022228 306192 
 315193  5 001005 308198 306196 022228 306192 
 315194  6 001011 308198 306003 022063 022228 306195 
 315195  3 315194 002040 306005 
 321192 10 002194 301011 301012 002195 002196 002197 102000 031001 021217 021218 
 321193  7 105000 031002 201132 030001 201000 021216 021216 
 321194  7 105000 031002 201132 030001 201000 021036 021036 
 321195  7 105000 031002 201132 030001 201000 013011 013011 
 321196  5 103000 031001 002135 006194 006194 
 329192  6 005001 006001 006198 005194 030192 005195 
 355192 18 055210 055211 055212 055213 055214 055215 008021 055216 055217 055218 055231 055195 103000 031001 055204 055205 055205 055203 
