 301001  2 001001 001002
 301002  3 001003 001004 001005
 301003  3 001011 001012 001013
 301011  3 004001 004002 004003
 301012  2 004004 004005
 301013  3 004004 004005 004006
 301021  2 005001 006001
 301022  3 005001 006001 007001
 301023  2 005002 006002
 301024  3 005002 006002 007001
 301031  5 301001 002001 301011 301012 301022
 301032  5 301001 002001 301011 301012 301024
 301033  5 001005 002001 301011 301012 301021
 301034  5 001005 002001 301011 301012 301023
 301035  7 001005 001012 001013 002001 301011 301012 301023
 301036  5 301003 002001 301011 301012 301023
 301037  6 301001 002011 002012 301011 301012 301022
 301038  6 301001 002001 002012 301011 301012 301024
 301039  6 301003 002011 002012 301011 301012 301023
 301041  5 001007 002021 002022 301011 301012
 301042  2 301041 301021
 301043  5 001007 002023 301011 301013 301021
 301044  5 001007 002024 301011 301013 301021
 301051  6 001006 002061 301011 301012 301021 008004
 301237 12 001007 001012 002021 301011 004004 004005 201138 202131 004006 201000 202000 301023
 301238 14 002104 002121 002113 002026 002027 002111 002192 202127 001013 202126 007001 202000 025010 021194
 301239  5 002111 002112 021192 021193 021195
 301240  5 201131 202129 022021 201000 202000
 301241  5 201141 202130 007001 201000 202000
 301242  6 021207 021208 021209 021210 021211 021212
 302001  4 010004 010051 010061 010063
 302002  5 010004 007004 010003 010061 010063
 302003  9 011011 011012 012004 012006 013003 020001 020003 020004 020005
 302004  7 020010 008002 020011 020013 020012 020012 020012
 302005  4 008002 020011 020012 020013
 302011  3 302001 302003 302004
 302012  3 302002 302003 302004
 302021  3 022001 022011 022021
 302022  3 022002 022012 022022
 302023  3 022003 022013 022023
 302024  3 302022 302023 302023
 302205  4 004024 013011 004024 013011
 303001  3 007003 011001 011002
 303002  3 007004 011001 011002
 303003  4 007004 010003 012001 012003
 303004  6 007004 010003 012001 012003 011001 011002
 303011  4 007003 008001 011001 011002
 303012  4 007004 008001 011001 011002
 303013  7 007004 008001 010003 012001 013003 011001 011002
 303014  7 007004 008001 010003 012001 012003 011001 011002
 303021  4 007004 007004 204007 031021
 303022  3 303021 010003 204000
 303023  3 303021 012001 204000
 303024  3 303021 013016 204000
 303025  5 002025 204007 031021 012063 204000
 303026  6 007004 008003 204007 031021 012001 204000
 303027  5 007004 204007 031021 010003 204000
 303031  6 007004 008003 007021 007022 008012 012061
 303032  2 020011 020016
 304001  5 008003 010004 012001 011001 011002
 304002  4 008003 010004 011001 011002
 304003  2 008003 012001
 304004  4 008003 010004 020010 012001
 304005  4 002024 007004 007004 013003
 304006  3 014001 014001 014003
 304011  6 002026 021051 007031 005021 002055 008022
 306001  5 002032 102000 031001 007062 022042
 306002  3 002031 022004 022031
 306003  4 002002 011011 011012 012004
 306004  7 002032 002033 103000 031001 007062 022042 022062
 306005  6 002031 103000 031001 007062 022004 022031
 307001  2 301031 302011
 307002  2 301032 302011
 307003  4 307001 101000 031001 302005
 307004  4 307002 101000 031001 302005
 307005  3 307001 101004 302005
 307006  3 307002 101004 302005
 307007  2 301031 302012
 307008  2 301032 302012
 308001  3 301033 302011 022042
 308002  3 301034 302011 022042
 308003  3 301035 302011 022042
 308004  3 301036 302011 022042
 308005  2 308004 302024
 309001  4 301037 101000 031001 303011
 309002  4 301038 101000 031001 303011
 309003  4 301037 101000 031001 303012
 309004  4 301038 101000 031001 303012
 309005  5 301037 302004 101000 031001 303013
 309006  5 301038 302004 101000 031001 303013
 309007  5 301037 302004 101000 031001 303014
 309008  5 301038 302004 101000 031001 303014
 309011  4 301039 101000 031001 303011
 309012  4 301039 101000 031001 303012
 309013  5 301039 302004 101000 031001 303013
 309014  5 301039 302004 101000 031001 303014
 310001  5 301042 303031 303032 101026 303025
 310002  5 301042 303031 303032 101009 303023
 310003  5 301042 303031 303032 101006 303023
 310004  5 301042 303031 303032 101003 303024
 311001  9 301051 007002 012001 011001 011002 011031 011032 011033 020041
 312001  2 301043 304001
 312002  2 301043 304002
 312003  2 301042 304003
 312004  2 301042 304004
 312005  2 301042 020014
 312006  2 301044 304005
 312007  2 301042 304006
 312011 12 301041 004006 005031 006031 301023 101003 304011 204016 031021 011012 204000 011011
 312200 10 301237 301238 029002 021206 104012 006232 102012 005232 021205 021196
 312201  6 301237 101003 301239 011012 011011 021197
 312202 13 301237 008022 011012 011050 301240 022243 301241 010050 021198 021201 021202 021203 301242
 312203  8 301237 008022 012061 022050 021204 021199 021214 021215
 312204 12 312201 001031 011012 011011 021200 021213 004004 008021 004024 055003 011012 011011
 315001  5 001011 301011 301012 301023 306001
 315002  5 001011 301011 301012 301023 306004
 316001 10 301011 004004 301023 001021 002041 019001 010051 019002 019003 019004
 354001  4 102000 031001 001002 054001
