 301192 13 301011 301012 301023 301023 301023 301023 029201 005002 006002 005033 006033 030021 030022
 313192  3 101000 031001 010007
 321192 12 110000 031002 005031 107000 031001 102000 031001 031012 030001 101000 031001 030001
 321193 12 110000 031002 005031 107000 031001 102000 031001 031012 030002 101000 031001 030002
 321194 12 110000 031002 005031 107000 031001 102000 031001 031012 030001 101000 031001 030001
 321195 12 110000 031002 005031 107000 031001 102000 031001 031012 030002 101000 031001 030002
 321196 12 110000 031002 005031 107000 031001 102000 031001 031012 030001 101000 031001 030001
 321197 12 110000 031002 005031 107000 031001 102000 031001 031012 030002 101000 031001 030002
 321198  5 103000 031002 101000 031001 013016
 321250  6 104000 031001 001001 001002 031031 033003
