301001  2 001001 001002
301011  3 004001 004002 004003
301012  2 004004 004005
301023  2 005002 006002
301192 13 301011 301012 301023 301023 301023 301023 029001 005002 005002 005033 006033 030021 030022
313010  4 021036 101000 031001 021036
321007  8 025009 025010 025011 025012 025013 025015 025016 025017
321008  3 025006 025007 025008
321192 12 110000 031002 005031 107000 031001 102000 031001 031012 030001 101000 031001 030001
321193 12 110000 031002 005031 107000 031001 102000 031001 031012 030002 101000 031001 030002
