 301192 13 301011 301012 301023 301023 301023 301023 029201 005002 006002 005033 006033 030021 030022
 301193  8 029199 029200 029193 029194 029195 029196 029197 029198
 301194 14 301011 301012 301021 301021 301021 301021 029201 005001 006001 007001 005033 006033 030021 030022
 313192  3 101000 031001 010007
 321192 12 110000 031002 005031 107000 031001 102000 031001 031012 030001 101000 031001 030001
 321193 12 110000 031002 005031 107000 031001 102000 031001 031012 030002 101000 031001 030002
 321194 12 110000 031002 005031 107000 031001 102000 031001 031012 030001 101000 031001 030001
 321195 12 110000 031002 005031 107000 031001 102000 031001 031012 030002 101000 031001 030002
 321196 12 110000 031002 005031 107000 031001 102000 031001 031012 030001 101000 031001 030001
 321197 12 110000 031002 005031 107000 031001 102000 031001 031012 030002 101000 031001 030002
 321198  5 103000 031002 101000 031001 013016
 321199 12 110000 031001 301013 002134 002135 321006 021201 021202 002193 030194 030195 321193
 321200 12 110000 031002 005031 107000 031001 102000 031001 031012 013011 101000 031001 013011
 321201 12 110000 031001 301013 002134 002135 321006 021201 021202 002193 030194 030195 321202
 321202 12 110000 031002 005031 107000 031001 102000 031001 031012 021014 101000 031001 021014
 321203 14 112000 031001 321205 030196 002135 030194 021201 021203 030195 002134 102000 031001 030196 321206
 321204  4 102000 031001 001192 001193
 321205  3 102002 301011 301013
 321206  6 030197 103000 031002 101000 031002 030198
 321250  6 104000 031001 001001 001002 031031 033003
